CREATE TABLE documents (
  id            SERIAL PRIMARY KEY,
  file_name     TEXT NOT NULL,
  file_path     TEXT NOT NULL,
  extracted_text TEXT,
  preview       TEXT,
  uploaded_at   TIMESTAMP DEFAULT NOW()
);

INSERT INTO documents (file_name, file_path, extracted_text, preview) VALUES (
  '2024 ISKCON I&E.xlsx',
  'C:\Users\Laptops Garage\Documents\iskcon\2024 ISKCON I&E.xlsx',
  'Unnamed: 0	Unnamed: 1	Unnamed: 2	Unnamed: 3	Unnamed: 4	Unnamed: 5	Unnamed: 6	Unnamed: 7	Jan 24	Feb 24	Mar 24	Apr 24	May 24	Jun 24	Jul 24	Aug 24	Sep 24	Oct 24	Nov 24	Dec 24	TOTAL
	Ordinary Income/Expense																			
			Income																	
				Non-Operating Income																
					10302 Oaklyn Income															
						10302 Oaklyn Donations		0.0	0.0	0.0	0.0	0.0	0.0	0.0	52000.0	316876.04	8506.77	8621.77	10499.27	396503.85
						Restricted 10302  Donations		0.0	0.0	0.0	0.0	0.0	0.0	0.0	193549.07	100211.8	12131.8	0.0	0.0	305892.67
						Unrestricted 10302 Donations		0.0	0.0	0.0	0.0	0.0	0.0	0.0	-52000.0	-316876.04	-8506.77	-8621.77	-10499.27	-396503.85
					Total 10302 Oaklyn Income			0.0	0.0	0.0	0.0	0.0	0.0	0.0	193549.07	100211.8	12131.8	0.0	0.0	305892.67
					New Temple Income															
						New Temple Donations		322019.7	32059.03	259385.92	575779.56	124546.78	227056.4	137696.58	203450.28	70238.52	47681.24	141035.11	47727.81	2188676.93
						New Temple Interest		0.0	0.04	0.01	0.01	0.03	0.09	0.09	0.09	0.76	0.09	0.09	0.0	1.3
						New Temple Restricted Donations		142052.62	154261.26	437887.24	203144.81	82875.11	70153.9	82356.28	85626.49	67602.5	79500.99	150315.17	142483.17	1698259.54
						New Temple Unrestricted Funds		-322019.7	-32059.03	-259385.92	-575779.56	-124507.05	-227056.4	-137696.58	-203450.28	-70238.52	-47681.24	-141035.11	-47727.81	-2188637.2
					Total New Temple Income			142052.62	154261.3	437887.25	203144.82	82914.87	70153.99	82356.37	85626.58	67603.26	79501.08	150315.26	142483.17	1698300.57
				Total Non-Operating Income				142052.62	154261.3	437887.25	203144.82	82914.87	70153.99	82356.37	279175.65	167815.06	91632.88	150315.26	142483.17	2004193.24
				Operating Income																
					Book Sales			3451.27	1255.89	7431.17	2875.81	1829.24	4480.41	4755.84	4844.39	10876.77	3265.97	10712.81	9045.5	64825.07
					Deity Outfit			0.0	0.0	0.0	4001.0	0.0	0.0	4001.0	0.0	0.0	0.0	0.0	0.0	8002.0
					Festival Donations			0.0	1656.0	50.0	5614.0	3638.0	7870.47	5914.0	112483.99	11776.81	10924.63	11584.0	966.0	172477.9
					General Donations															
						Bake Sale		433.65	697.41	1898.52	0.0	0.0	595.96	2175.6	1740.0	2264.24	1074.26	988.89	3193.87	15062.4
						Catering		5835.0	13931.0	3278.0	12163.75	9554.5	13971.0	10282.0	13265.5	7535.0	7520.0	12449.87	11540.0	121325.62
						Cows		0.0	0.0	551.0	0.0	0.0	82.0	101.0	327.0	0.0	151.0	0.0	0.0	1212.0
						General		8993.17	11297.21	26486.13	13629.75	14178.19	8946.33	12390.11	18053.03	21980.12	10955.0	14053.37	18576.5	179538.91
						Hall Rental		850.0	2701.0	700.0	2840.0	7203.0	2450.0	4203.0	3700.0	2300.0	2300.0	2687.87	1190.0	33124.87
						Hundi		12642.0	6866.0	19666.0	22243.0	12287.0	11021.0	15060.0	18436.0	11307.0	18139.0	12420.0	13199.0	173286.0
						Monthly Donations		15833.11	9604.11	11629.61	14124.61	11465.61	7564.5	15710.72	11715.61	11710.61	11855.61	9554.61	14246.61	145015.32
						NY Ratha Yatra		0.0	0.0	0.0	0.0	5885.0	1435.0	160.0	0.0	0.0	0.0	0.0	80.0	7560.0
						Outreach Programs		168.0	129.8	0.0	102.0	200.0	0.0	0.0	200.0	0.0	283.86	28.8	29.12	1141.58
						Puja		0.0	503.0	101.0	1602.0	221.0	0.0	761.01	1004.0	50.0	1758.0	300.0	310.0	6610.01
						Seminars		0.0	0.0	0.0	0.0	0.0	208.0	10670.0	3235.0	470.0	500.0	-125.0	0.0	14958.0
						Sunday Feast		1256.0	2117.0	1154.0	2661.0	3572.0	1907.0	2467.0	1630.0	3426.0	4314.0	2275.0	4369.0	31148.0
					Total General Donations			46010.93	47846.53	65464.26	69366.11	64566.3	48180.79	73980.44	73306.14	61042.97	58850.73	54633.41	66734.1	729982.71
					Gift Shop Sales			0.0	600.0	5584.6	8499.56	8486.1	9241.9	7764.46	17731.55	7767.69	9347.48	8889.44	7492.44	91405.22
					Interest Income			0.16	0.15	0.16	0.16	0.16	28.82	81.64	0.0	0.0	0.72	0.67	0.67	113.31
					Investment Realized Gain			0.0	0.0	0.0	0.0	0.0	318.68	0.0	1226.06	0.0	0.0	0.0	0.0	1544.74
					Other Income			0.0	0.0	5262.97	1038.98	7580.31	0.0	0.0	0.0	0.0	0.0	0.0	0.0	13882.26
					Sunday School Donations			600.0	0.0	0.0	0.0	0.0	425.0	950.0	0.0	0.0	0.0	0.0	0.0	1975.0
				Total Operating Income				50062.36	51358.57	83793.16	91395.62	86100.11	70546.07	97447.38	209592.13	91464.24	82389.53	85820.33	84238.71	1084208.21
			Total Income					192114.98	205619.87	521680.41	294540.44	169014.98	140700.06	179803.75	488767.78	259279.3	174022.41	236135.59	226721.88	3088401.45
		Gross Profit						192114.98	205619.87	521680.41	294540.44	169014.98	140700.06	179803.75	488767.78	259279.3	174022.41	236135.59	226721.88	3088401.45
			Expense																	
				Non-operating Expenses																
					10302 Oaklyn Expenses															
						10302 Oaklyn Loan Interest		0.0	0.0	0.0	0.0	0.0	0.0	0.0	0.0	0.0	5768.53	6864.1	6633.22	19265.85
						10320 Oaklyn General		0.0	0.0	0.0	0.0	0.0	0.0	0.0	0.0	950.0	0.0	115.0	1992.5	3057.5
						10320 Oaklyn Loan Fees		0.0	0.0	0.0	0.0	0.0	0.0	0.0	1000.0	3200.0	0.0	0.0	0.0	4200.0
					Total 10302 Oaklyn Expenses			0.0	0.0	0.0	0.0	0.0	0.0	0.0	1000.0	4150.0	5768.53	6979.1	8625.72	26523.35
					New Temple Expenses															
						New Temple General		0.0	739.56	8145.29	13913.69	4912.42	3600.0	0.0	0.0	4554.48	0.0	0.0	0.0	35865.44
						New Temple Loan fees		550.0	550.0	0.0	400.0	0.0	750.0	0.0	0.0	0.0	0.0	0.0	0.0	2250.0
						New Temple Loan Interest		41889.64	45321.63	43933.66	37997.91	48456.24	41511.14	27903.74	38278.29	37827.72	36547.49	37707.83	36445.33	473820.62
						New temple returned Checks		901.0	0.0	5501.0	10290.0	0.0	0.0	0.0	0.0	51.0	0.0	0.0	0.0	16743.0
						NT Bank Fees		169.02	125.27	132.77	98.89	82.0	72.57	72.54	72.28	72.12	77.84	74.67	72.12	1122.09
						NT Equipment / Furniture		14444.61	26903.51	46330.84	101885.37	5129.35	73266.2	25640.37	11897.31	302.73	0.0	95479.75	0.0	401280.04
						NT Fundraising		0.0	2277.63	59.24	958.05	284.98	0.0	0.0	0.0	0.0	0.0	0.0	0.0	3579.9
						NT Special Events		27350.7	6705.35	52230.88	14412.39	701.02	0.0	194.0	0.0	0.0	0.0	0.0	0.0	101594.34
					Total New Temple Expenses			85304.97	82622.95	156333.68	179956.3	59566.01	119199.91	53810.65	50247.88	42808.05	36625.33	133262.25	36517.45	1036255.43
				Total Non-operating Expenses				85304.97	82622.95	156333.68	179956.3	59566.01	119199.91	53810.65	51247.88	46958.05	42393.86	140241.35	45143.17	1062778.78
				Operating Expenses																
					Artist Fees			0.0	0.0	0.0	0.0	990.12	1114.45	0.0	0.0	0.0	0.0	0.0	0.0	2104.57
					Automobile Expenses															
						Gas		485.39	801.82	1410.48	1269.99	1107.3	1013.85	1142.07	1412.02	504.52	815.16	880.84	933.51	11776.95
						Inspection		0.0	0.0	29.0	0.0	0.0	0.0	0.0	0.0	0.0	0.0	0.0	0.0	29.0
						Parking		0.0	0.0	14.0	54.0	0.0	6.0	0.0	8.15	0.0	44.0	0.0	9.25	135.4
						Registration		0.0	0.0	0.0	20.0	93.5	221.0	221.0	0.0	0.0	0.0	0.0	0.0	555.5
						Rental		0.0	0.0	0.0	36.27	0.0	0.0	0.0	0.0	0.0	0.0	0.0	0.0	36.27
						Repair and Maintenance		326.83	0.0	2050.89	1391.39	302.24	64.99	105.87	22.02	1174.38	112.3	105.98	142.9	5799.79
						Tolls		0.0	35.0	35.0	70.0	0.0	4.08	156.4	398.59	0.0	43.65	55.0	0.0	797.72
						Automobile Expenses - Other		504.64	504.64	0.0	2704.64	504.64	504.64	504.64	504.64	504.64	504.64	504.64	3054.64	10301.04
					Total Automobile Expenses			1316.86	1341.46	3539.37	5546.29	2007.68	1814.56	2129.98	2345.42	2183.54	1519.75	1546.46	4140.3	29431.67
					Books															
						Booth Rental		0.0	375.0	0.0	0.0	370.0	0.0	0.0	0.0	0.0	0.0	0.0	0.0	745.0
						Freight		15.89	15.89	15.89	15.89	15.89	15.89	15.89	15.89	0.0	0.0	100.0	0.0	227.12
						Inventory		0.0	3366.0	4120.22	4032.66	0.0	2357.82	0.0	12842.28	135.0	541.0	31841.54	876.79	60113.31
						Supplies		0.0	0.0	0.0	18.89	18.89	94.32	0.0	2634.72	223.95	0.0	0.0	0.0	2990.77
						Books - Other		0.0	0.0	0.0	0.0	0.0	0.0	0.0	0.0	0.0	0.0	178.2	0.0	178.2
					Total Books			15.89	3756.89	4136.11	4067.44	404.78	2468.03	15.89	15492.89	358.95	541.0	32119.74	876.79	64254.4
					Building Improvements			0.0	0.0	0.0	0.0	0.0	0.0	0.0	0.0	0.0	0.0	958.8	0.0	958.8
					Building Repairs			0.0	306.76	0.0	86.35	791.99	0.0	0.0	0.0	0.0	0.0	504.0	0.0	1689.1
					Casual Labor			0.0	0.0	0.0	350.0	0.0	0.0	0.0	0.0	0.0	0.0	0.0	188.0	538.0
					Catering															
						Catering Food		1556.0	3715.0	874.0	3244.0	2548.0	3726.0	2742.0	3537.0	2009.0	2005.0	3320.0	3077.0	32353.0
						Catering Utilities		389.0	929.0	219.0	811.0	637.0	931.0	685.0	884.0	502.0	501.0	830.0	769.0	8087.0
					Total Catering			1945.0	4644.0	1093.0	4055.0	3185.0	4657.0	3427.0	4421.0	2511.0	2506.0	4150.0	3846.0	40440.0
					Deity Outfits			0.0	7228.0	0.0	0.0	1000.0	9400.0	0.0	850.0	7400.0	0.0	5050.0	3100.0	34028.0
					Depreciation			0.0	0.0	0.0	0.0	0.0	0.0	0.0	0.0	0.0	0.0	0.0	86361.0	86361.0
					Dues, Fees, Subscr'n Renewal															
						GBC Fees														
							GBC Housing Fund	0.0	900.0	0.0	900.0	0.0	0.0	0.0	0.0	900.0	0.0	0.0	0.0	2700.0
							GBC Fees - Other	2641.0	0.0	0.0	0.0	9010.0	0.0	0.0	0.0	0.0	0.0	0.0	0.0	11651.0
						Total GBC Fees		2641.0	900.0	0.0	900.0	9010.0	0.0	0.0	0.0	900.0	0.0	0.0	0.0	14351.0
						Dues, Fees, Subscr'n Renewal - Other		79.5	302.99	0.0	64.99	1562.7	0.0	231.0	127.2	0.0	50.0	0.0	130.0	2548.38
					Total Dues, Fees, Subscr'n Renewal			2720.5	1202.99	0.0	964.99	10572.7	0.0	231.0	127.2	900.0	50.0	0.0	130.0	16899.38
					Education/Training			0.0	0.0	0.0	0.0	108.0	0.0	0.95	0.0	0.25	0.0	0.0	0.0	109.2
					Equipment/Furniture															
						Garden		0.0	0.0	0.0	0.0	84.79	187.46	0.0	0.0	0.0	0.0	329.99	0.0	602.24
						General		-298.0	3492.7	296.3	182.96	803.92	779.51	291.98	2201.8	0.0	99.99	2129.56	2208.31	12189.03
						Kitchen		0.0	0.0	420.48	307.89	0.0	90.38	437.58	2009.48	238.47	0.0	873.2	3375.19	7752.67
						Living Qtrs		0.0	0.0	0.0	0.0	0.0	0.0	208.0	0.0	75.89	0.0	0.0	0.0	283.89
						Office		0.0	0.0	329.0	57.59	197.97	0.0	99.99	0.0	0.0	454.99	499.99	838.99	2478.52
						Temple Room		0.0	0.0	0.0	0.0	0.0	150.0	961.11	99.98	0.0	0.0	438.99	295.31	1945.39
					Total Equipment/Furniture			-298.0	3492.7	1045.78	548.44	1086.68	1207.35	1998.66	4311.26	314.36	554.98	4271.73	6717.8	25251.74
					Festival Parking															
						Shuttle		0.0	0.0	0.0	0.0	0.0	0.0	4653.79	494.21	1818.96	248.04	0.0	0.0	7215.0
						Festival Parking - Other		0.0	0.0	0.0	0.0	0.0	1440.0	0.0	2160.0	107.97	720.0	0.0	0.0	4427.97
					Total Festival Parking			0.0	0.0	0.0	0.0	0.0	1440.0	4653.79	2654.21	1926.93	968.04	0.0	0.0	11642.97
					Flowers			2919.37	2660.83	7686.65	4610.23	4552.38	2694.71	3084.4	3574.78	2610.71	3671.55	2716.85	2639.74	43422.2
					Food (Bhoga)			6007.65	3551.82	25588.1	7300.85	10934.69	7163.45	4879.09	18140.2	3812.24	9919.42	10093.26	8077.09	115467.86
					Gift Shop															
						Inventory		4000.0	0.0	0.0	3123.0	16807.57	1921.72	13520.75	8187.69	11367.27	7982.0	8281.02	8779.18	83970.2
						Gift Shop - Other		1487.75	0.0	364.89	0.0	-37.0	28.57	0.0	137.65	-116.33	413.45	1177.36	126.26	3582.6
					Total Gift Shop			5487.75	0.0	364.89	3123.0	16770.57	1950.29	13520.75	8325.34	11250.94	8395.45	9458.38	8905.44	87552.8
					Holi Colors			0.0	0.0	0.0	1350.0	3460.0	0.0	0.0	0.0	0.0	0.0	0.0	0.0	4810.0
					Insurance															
						10302 Oaklyn		0.0	0.0	0.0	0.0	0.0	0.0	0.0	0.0	0.0	4005.87	0.0	2544.75	6550.62
						Auto		0.0	1193.78	2229.89	596.89	1227.69	920.29	920.29	920.29	1013.18	181.0	0.0	56.62	9259.92
						BOP		567.02	567.0	567.0	567.0	567.0	5432.6	1953.9	1953.9	1953.9	2083.46	2016.62	2016.6	20246.0
						Flood Insurance		0.0	0.0	0.0	0.0	2908.0	0.0	0.0	0.0	0.0	0.0	0.0	0.0	2908.0
						Workers Comp		82.84	514.83	82.83	82.83	82.83	82.83	82.83	82.83	82.83	82.83	82.83	82.86	1426.0
					Total Insurance			649.86	2275.61	2879.72	1246.72	4785.52	6435.72	2957.02	2957.02	3049.91	6353.16	2099.45	4700.83	40390.54
					Investment Realized Loss			0.0	0.0	0.0	0.0	0.0	0.0	0.0	0.0	12.15	0.0	0.0	0.0	12.15
					Kalashes			0.0	0.0	0.0	0.0	0.0	0.0	4499.0	0.0	0.0	46.71	0.0	0.0	4545.71
					Lawn and Garden			0.0	0.0	0.0	1436.36	1400.0	1698.45	1400.0	1400.0	1400.0	1400.0	1400.0	0.0	11534.81
					Media															
						Advertising and Promotions		0.0	0.0	0.0	0.0	0.0	119.99	0.0	0.0	0.0	0.0	0.0	0.0	119.99
						Photography/Videography		0.0	0.0	51.79	19.99	19.99	19.99	109.99	19.99	586.69	179.89	19.99	69.99	1098.3
						Printing and Reproduction		0.0	157.72	918.77	970.84	674.0	151.73	1368.56	816.61	583.71	4422.13	2122.1	501.29	12687.46
						Website Maintenance		157.39	580.63	0.0	23.17	30.74	30.74	30.74	30.74	166.76	0.0	0.0	474.05	1524.96
					Total Media			157.39	738.35	970.56	1014.0	724.73	322.45	1509.29	867.34	1337.16	4602.02	2142.09	1045.33	15430.71
					Miscellaneous Expenses			14.25	0.0	0.0	0.0	0.0	0.0	0.0	48.7	0.0	0.0	0.0	0.0	62.95
					Other Expenses															
						Bad Checks/Eft		166.0	274.0	0.0	11.0	112.0	92.0	0.0	0.0	0.0	31.0	0.0	0.0	686.0
						Bank Service Charge		129.95	102.45	204.1	138.45	128.55	158.27	174.55	108.1	465.57	300.66	124.85	170.85	2206.35
						Cleaning Services		1040.0	0.0	0.0	880.0	0.0	1800.0	0.0	2400.0	2703.0	1492.0	4077.0	1865.0	16257.0
						Congregation Development		1.35	31.75	2.35	9.85	22.3	14.8	15.45	15.33	0.0	46.25	15.4	22.65	197.48
						Cow Maintenance		327.05	396.0	474.85	0.0	214.34	154.0	74.73	0.0	411.0	294.33	302.0	312.0	2960.3
						General Repair and Maintenance		8715.52	469.81	-80.46	4301.17	0.0	335.0	288.79	3254.13	2040.52	993.92	22.21	0.0	20340.61
						Honorarium		0.0	0.0	0.0	1159.91	0.0	0.0	0.0	0.0	0.0	500.0	0.0	0.0	1659.91
						Legal		250.0	0.0	0.0	745.0	745.0	528.0	2500.0	0.0	515.0	3938.0	1028.0	0.0	10249.0
						License and Permits		0.0	110.0	80.0	0.0	0.0	0.0	666.46	0.0	0.0	0.0	150.0	100.0	1106.46
						Merchant Service Fees														
							PayPal Fees	125.97	86.2	120.87	92.18	125.68	249.16	236.18	197.81	123.11	91.09	97.52	144.98	1690.75
							Venmo fees	0.0	4.21	11.59	7.55	52.07	14.34	29.95	14.7	16.19	18.51	28.48	33.47	231.06
						Total Merchant Service Fees		125.97	90.41	132.46	99.73	177.75	263.5	266.13	212.51	139.3	109.6	126.0	178.45	1921.81
						Postage and Delivery		148.0	148.0	37.0	147.67	213.04	0.0	821.35	99.0	134.39	2315.89	244.5	307.9	4616.74
						Travel														
							Devotee Travel	0.0	0.0	31.05	0.0	0.0	0.0	0.0	965.34	84.18	-215.3	1136.74	1083.27	3085.28
							Guest	0.0	0.0	0.0	0.0	0.0	0.0	0.0	0.0	0.0	585.96	0.0	0.0	585.96
						Total Travel		0.0	0.0	31.05	0.0	0.0	0.0	0.0	965.34	84.18	370.66	1136.74	1083.27	3671.24
					Total Other Expenses			10903.84	1622.42	881.35	7492.78	1612.98	3345.57	4807.46	7054.41	6492.96	10392.31	7226.7	4040.12	65872.9
					Property Recurring Maintenance															
						Fire Protection		0.0	0.0	1146.5	75.0	2426.69	0.0	453.13	10894.0	2412.68	435.0	0.0	0.0	17843.0
						Grease Trap Cleaning		0.0	235.0	0.0	0.0	0.0	0.0	0.0	0.0	0.0	0.0	0.0	0.0	235.0
						Kitchen Hood Cleaning		475.0	0.0	0.0	0.0	0.0	0.0	0.0	1125.0	0.0	0.0	0.0	1125.0	2725.0
						Pest Control		331.36	340.08	41.3	470.88	442.58	724.04	658.36	236.32	343.23	610.13	0.0	200.0	4398.28
						Service Contracts		0.0	0.0	459.95	0.0	0.0	0.0	0.0	893.75	893.75	893.75	1570.15	893.75	5605.1
						Trash Removal		526.12	524.7	986.77	518.72	200.0	607.83	1205.56	756.36	755.71	1346.27	767.78	250.0	8445.82
					Total Property Recurring Maintenance			1332.48	1099.78	2634.52	1064.6	3069.27	1331.87	2317.05	13905.43	4405.37	3285.15	2337.93	2468.75	39252.2
					Property Tax			0.0	0.0	0.0	0.0	0.0	0.0	4528.36	0.0	0.0	0.0	0.0	0.0	4528.36
					Rentals			0.0	4494.96	-550.2	1824.38	4076.0	4275.0	10420.65	4209.5	2866.1	1972.48	1374.0	401.0	35363.87
					Staff															
						Employee Wages														
							Catering	1170.85	2381.77	926.92	3103.15	3103.71	2245.89	2368.57	2596.55	1700.85	3956.0	2364.58	2259.83	28178.67
							Payroll Taxes	3953.98	3018.37	3348.01	3790.72	3659.9	3586.37	4565.96	3541.32	3638.68	3307.0	3944.93	3471.24	43826.48
							Employee Wages - Other	15630.4	15621.4	15621.4	16575.83	16242.44	16575.83	16886.35	16886.71	16886.71	16677.66	16277.9	16277.9	196160.53
						Total Employee Wages		20755.23	21021.54	19896.33	23469.7	23006.05	22408.09	23820.88	23024.58	22226.24	23940.66	22587.41	22008.97	268165.68
						Stipend		350.0	350.0	350.0	350.0	350.0	350.0	350.0	350.0	350.0	350.0	350.0	350.0	4200.0
						Staff - Other		10.0	10.0	10.0	10.0	10.0	10.0	10.0	10.0	10.0	10.0	10.0	10.0	120.0
					Total Staff			21115.23	21381.54	20256.33	23829.7	23366.05	22768.09	24180.88	23384.58	22586.24	24300.66	22947.41	22368.97	272485.68
					Sunday School Expenses			0.0	0.0	658.0	49.99	0.0	0.0	0.0	0.0	88.81	0.0	0.0	0.0	796.8
					Supplies															
						Deity Supplies		28.45	23.38	660.84	4084.87	308.27	191.84	65.51	1638.55	465.36	230.99	5817.28	-1518.63	11996.71
						Food Service Supplies		82.19	2035.25	3219.16	1487.36	939.29	1729.51	1200.24	1488.29	303.93	3184.29	583.83	768.58	17021.92
						General		582.18	677.78	456.54	1979.13	2812.58	-57.16	1594.16	1827.17	-16.9	985.49	669.67	1803.32	13313.96
						Janitorial		199.94	894.84	2145.83	639.11	494.62	595.09	672.01	885.81	50.7	1180.92	904.64	286.22	8949.73
						Kitchen		0.0	42.12	15.79	1213.37	0.0	26.35	63.77	217.65	628.88	497.33	431.12	290.8	3427.18
						Office		41.9	173.92	360.29	236.04	331.69	192.16	132.59	664.25	275.67	652.6	328.1	418.62	3807.83
					Total Supplies			934.66	3847.29	6858.45	9639.88	4886.45	2677.79	3728.28	6721.72	1707.64	6731.62	8734.64	2048.91	58517.33
					Telephone															
						Cell Phone		75.0	0.0	75.0	150.0	150.0	0.0	0.0	150.0	75.0	75.0	195.0	0.0	945.0
						Landlines/Internet		423.38	423.38	424.38	432.14	432.14	432.14	432.47	432.52	432.52	433.37	435.37	236.28	4970.09
					Total Telephone			498.38	423.38	499.38	582.14	582.14	432.14	432.47	582.52	507.52	508.37	630.37	236.28	5915.09
					Utilities															
						Electricity		8562.13	8437.72	7176.04	5044.0	3669.69	3466.92	4447.44	5134.92	3716.0	2964.31	3073.77	4858.31	60551.25
						NATURAL GAS		25.36	146.47	148.36	132.71	607.2	485.33	564.44	455.74	484.56	588.66	488.05	589.73	4716.61
						Oil		1015.23	0.0	1122.43	0.0	0.0	0.0	0.0	0.0	782.73	0.0	0.0	0.0	2920.39
						Propane		2438.07	3184.25	1705.93	2135.65	150.48	599.46	0.0	189.01	0.0	750.14	0.0	330.2	11483.19
						Water		0.0	713.54	4791.42	530.58	1084.0	4182.02	658.65	850.39	4820.27	864.62	983.89	3837.0	23316.38
						Utilities - Other		-389.0	-929.0	-219.0	-811.0	-637.0	-931.0	-685.0	-884.0	-502.0	-501.0	-830.0	-769.0	-8087.0
					Total Utilities			11651.79	11552.98	14725.18	7031.94	4874.37	7802.73	4985.53	5746.06	9301.56	4666.73	3715.71	8846.24	94900.82
				Total Operating Expenses				67372.9	75621.76	93267.19	87215.08	105242.1	84999.65	99707.5	127119.58	87024.34	92385.4	123477.52	171138.59	1214571.61
			Total Expense					152677.87	158244.71	249600.87	267171.38	164808.11	204199.56	153518.15	178367.46	133982.39	134779.26	263718.87	216281.76	2277350.39
	Net Ordinary Income							39437.11	47375.16	272079.54	27369.06	4206.87	-63499.5	26285.6	310400.32	125296.91	39243.15	-27583.28	10440.12	811051.06
Net Income								39437.11	47375.16	272079.54	27369.06	4206.87	-63499.5	26285.6	310400.32	125296.91	39243.15	-27583.28	10440.12	811051.06',
  'ISKCON income and expenditure report for the full year 2024.'
);

INSERT INTO documents (file_name, file_path, extracted_text, preview) VALUES (
  '2025 ISKCON DC Non-Operating I&E (by month).xlsx',
  'C:\Users\Laptops Garage\Documents\iskcon\2025 ISKCON DC Non-Operating I&E (by month).xlsx',
  'Unnamed: 0	Unnamed: 1	Unnamed: 2	Unnamed: 3	Unnamed: 4	Unnamed: 5	Unnamed: 6	Jan 25	Feb 25	Mar 25	Apr 25	May 25	Jun 25	Jul 25	Aug 25	Sep 25	Oct 25	TOTAL
	Ordinary Income/Expense																
			Income														
				Non-Operating Income													
					10302 Oaklyn Income												
						10302 Oaklyn Donations	8658.36	60988.17	51294.39	24480.75	9795.34	8506.77	9301.77	8506.77	8506.77	8506.77	198545.86
						Unrestricted 10302 Donations	-8658.36	-60988.17	-51294.39	-24480.75	-9795.34	-8506.77	-9301.77	-8506.77	-8506.77	-8506.77	-198545.86
					Total 10302 Oaklyn Income		0.0	0.0	0.0	0.0	0.0	0.0	0.0	0.0	0.0	0.0	0.0
					New Temple Income												
						New Temple Donations	123846.03	145731.69	45559.13	45553.03	57552.85	135554.76	46160.19	45564.57	45660.97	45480.69	736663.91
						New Temple Interest	0.18	0.08	0.09	0.03	0.09	0.09	0.18	0.09	0.0	0.0	0.83
						New Temple Restricted Donations	72351.82	48945.77	78535.75	73038.87	49452.51	41572.45	34096.99	97263.23	51843.51	48296.13	595397.03
						New Temple Unrestricted Funds	-123846.03	-145731.69	-45559.13	-45553.03	-57552.85	-135554.76	-46160.19	-45564.57	-45660.97	-45480.69	-736663.91
					Total New Temple Income		72352.0	48945.85	78535.84	73038.9	49452.6	41572.54	34097.17	97263.32	51843.51	48296.13	595397.86
				Total Non-Operating Income			72352.0	48945.85	78535.84	73038.9	49452.6	41572.54	34097.17	97263.32	51843.51	48296.13	595397.86
			Total Income				72352.0	48945.85	78535.84	73038.9	49452.6	41572.54	34097.17	97263.32	51843.51	48296.13	595397.86
		Gross Profit					72352.0	48945.85	78535.84	73038.9	49452.6	41572.54	34097.17	97263.32	51843.51	48296.13	595397.86
			Expense														
				Non-operating Expenses													
					10302 Oaklyn Expenses												
						10302 Oaklyn Loan Interest	6844.26	6835.61	6165.74	6813.76	6585.76	6794.68	6566.27	6775.39	6765.42	6538.12	66685.01
						10320 Oaklyn General	0.0	52481.4	42367.62	15973.98	1288.57	0.0	795.0	0.0	0.0	0.0	112906.57
					Total 10302 Oaklyn Expenses		6844.26	59317.01	48533.36	22787.74	7874.33	6794.68	7361.27	6775.39	6765.42	6538.12	179591.58
					New Temple Expenses												
						New Temple General	2300.0	0.0	0.0	0.0	0.0	0.0	0.0	0.0	0.0	0.0	2300.0
						New Temple Loan Interest	37608.36	37081.85	32985.5	36355.47	35128.56	36162.48	34944.34	35310.95	35426.59	34226.14	355230.24
						New temple returned Checks	0.0	251.0	0.0	0.0	0.0	0.0	609.0	0.0	108.0	0.0	968.0
						NT Bank Fees	72.5	0.0	78.44	72.34	72.16	74.07	70.5	83.88	72.28	88.81	684.98
						NT Equipment / Furniture	792.84	0.0	0.0	0.0	0.0	0.0	0.0	0.0	0.0	0.0	792.84
					Total New Temple Expenses		40773.7	37332.85	33063.94	36427.81	35200.72	36236.55	35623.84	35394.83	35606.87	34314.95	359976.06
				Total Non-operating Expenses			47617.96	96649.86	81597.3	59215.55	43075.05	43031.23	42985.11	42170.22	42372.29	40853.07	539567.64
			Total Expense				47617.96	96649.86	81597.3	59215.55	43075.05	43031.23	42985.11	42170.22	42372.29	40853.07	539567.64
	Net Ordinary Income						24734.04	-47704.01	-3061.46	13823.35	6377.55	-1458.69	-8887.94	55093.1	9471.22	7443.06	55830.22
Net Income							24734.04	-47704.01	-3061.46	13823.35	6377.55	-1458.69	-8887.94	55093.1	9471.22	7443.06	55830.22',
  'ISKCON DC non-operating income and expenditure breakdown by month for 2025.'
);

INSERT INTO documents (file_name, file_path, extracted_text, preview) VALUES (
  '2025 ISKCON DC Operating I&E (by month).xlsx',
  'C:\Users\Laptops Garage\Documents\iskcon\2025 ISKCON DC Operating I&E (by month).xlsx',
  'Unnamed: 0	Unnamed: 1	Unnamed: 2	Unnamed: 3	Unnamed: 4	Unnamed: 5	Unnamed: 6	Unnamed: 7	Jan 25	Feb 25	Mar 25	Apr 25	May 25	Jun 25	Jul 25	Aug 25	Sep 25	Oct 25	TOTAL
	Ordinary Income/Expense																	
			Income															
				Operating Income														
					General Donations													
						Cows		601.0	372.0	21.0	0.0	0.0	209.0	51.0	0.0	415.0	652.0	2321.0
						Deity Outfit		0.0	501.0	4001.0	7500.0	4001.0	0.0	4001.0	0.0	0.0	0.0	20004.0
						Festival Donations		0.0	2106.0	20840.4	12123.0	12996.68	497.0	17269.89	174406.77	4728.92	8605.0	253573.66
						General		12059.84	16581.63	12199.09	12200.79	17748.95	23051.7	13977.23	17691.61	21718.89	12626.55	159856.28
						Hundi		9892.0	9250.0	9913.0	8670.0	11101.0	11576.0	11351.6	10781.75	8305.0	12001.0	102841.35
						Monthly Donations		11714.61	11952.61	11816.61	11879.62	13014.79	4427.62	12557.61	10687.61	12954.61	15683.61	116689.3
						Outreach Programs		0.0	0.0	0.0	200.0	0.0	0.0	0.0	0.0	0.0	0.0	200.0
						Sunday Feast		2411.0	2464.0	4171.0	3331.0	2562.0	3316.0	4667.0	4706.02	7695.0	1053.0	36376.02
					Total General Donations			36678.45	43227.24	62962.1	55904.41	61424.42	43077.32	63875.33	218273.76	55817.42	50621.16	691861.61
					Other Income													
						Interest Income		0.0	0.0	0.0	0.0	0.0	0.62	0.0	0.0	0.0	0.0	0.62
						Other Income - Other		0.65	6186.27	1804.47	0.63	0.64	0.0	5625.9	0.0	0.0	0.0	13618.56
					Total Other Income			0.65	6186.27	1804.47	0.63	0.64	0.62	5625.9	0.0	0.0	0.0	13619.18
					Sales Income													
						Bake Sale		3531.82	712.4	1943.07	1125.98	0.0	0.0	0.0	0.0	0.0	0.0	7313.27
						Book Sales		1569.16	1088.35	2610.23	708.54	2652.29	4691.45	3689.33	7504.62	7506.35	3261.69	35282.01
						Catering		4461.0	5600.0	7456.0	24549.63	21051.34	17497.5	14802.91	4055.0	8473.0	28574.5	136520.88
						Gift Shop Sales		10194.51	7832.64	9172.55	6402.05	9331.2	8922.92	10412.9	23843.14	9255.64	12608.17	107975.72
						Govinda's		0.0	0.0	0.0	4916.49	25750.19	33101.27	23489.09	48705.12	24079.92	31059.22	191101.3
						Hall Rental		2930.08	5425.32	10348.0	16745.35	13713.28	13589.86	8236.0	2100.0	1000.0	1001.0	75088.89
						Sales Income - Other		0.0	0.0	0.0	0.0	0.0	0.0	154.64	0.0	0.0	0.0	154.64
					Total Sales Income			22686.57	20658.71	31529.85	54448.04	72498.3	77803.0	60784.87	86207.88	50314.91	76504.58	553436.71
					Services Income													
						NY Ratha Yatra		0.0	0.0	0.0	160.0	4120.0	2000.0	0.0	0.0	0.0	0.0	6280.0
						Puja		363.0	455.0	602.0	1004.0	353.0	606.0	2404.0	0.0	1436.0	30.0	7253.0
						Seminars		0.0	290.0	20.0	250.0	1750.0	1777.0	445.0	60.0	260.0	340.0	5192.0
						Sunday School Donations		0.0	0.0	0.0	0.0	0.0	330.0	430.0	25.0	731.78	265.0	1781.78
					Total Services Income			363.0	745.0	622.0	1414.0	6223.0	4713.0	3279.0	85.0	2427.78	635.0	20506.78
				Total Operating Income				59728.67	70817.22	96918.42	111767.08	140146.36	125593.94	133565.1	304566.64	108560.11	127760.74	1279424.28
			Total Income					59728.67	70817.22	96918.42	111767.08	140146.36	125593.94	133565.1	304566.64	108560.11	127760.74	1279424.28
		Gross Profit						59728.67	70817.22	96918.42	111767.08	140146.36	125593.94	133565.1	304566.64	108560.11	127760.74	1279424.28
			Expense															
				Operating Expenses														
					Automobile Expenses													
						Fuel		463.44	623.58	682.1	676.51	457.15	463.55	777.82	690.11	318.52	692.71	5845.49
						Inspection		0.0	0.0	0.0	5.0	0.0	0.0	14.0	0.0	0.0	0.0	19.0
						Parking		16.45	21.0	0.0	2.35	0.0	0.0	55.0	0.0	2.2	0.0	97.0
						Registration		0.0	0.0	0.0	0.0	161.5	0.0	0.0	0.0	178.75	0.0	340.25
						Repair and Maintenance		796.68	25.99	343.69	214.73	5.6	201.6	454.72	0.0	1107.65	472.96	3623.62
						Ticket/Fines		0.0	0.0	0.0	0.0	40.0	0.0	0.0	0.0	0.0	0.0	40.0
						Tolls		71.5	55.6	5.6	0.0	0.0	0.0	0.0	128.3	75.0	116.05	452.05
						Automobile Expenses - Other		2528.1	925.35	925.35	925.35	1346.06	11868.03	420.71	0.0	841.42	0.0	19780.37
					Total Automobile Expenses			3876.17	1651.52	1956.74	1823.94	2010.31	12533.18	1722.25	818.41	2523.54	1281.72	30197.78
					Bank & Merchant Service Fees													
						Bad Checks/Eft		31.0	30.0	11.0	0.0	151.0	0.0	51.0	30.0	0.0	31.0	335.0
						Bank Service Charge		127.5	127.85	177.25	137.6	202.6	139.6	143.65	143.1	147.15	127.2	1473.5
						PayPal Fees		89.31	105.47	89.37	131.73	213.48	103.57	100.41	107.9	108.86	87.68	1137.78
						Venmo fees		19.93	11.6	7.29	13.68	38.02	18.64	13.52	6.04	0.0	34.57	163.29
					Total Bank & Merchant Service Fees			267.74	274.92	284.91	283.01	605.1	261.81	308.58	287.04	256.01	280.45	3109.57
					Deity Expenses													
						Deity Flowers		2616.73	2618.99	3092.37	3733.88	3594.5	3237.81	2794.28	3085.03	1209.4	2758.35	28741.34
						Deity Outfits		0.0	7407.99	0.0	0.0	5380.0	0.0	3400.0	0.0	0.0	0.0	16187.99
						Deity Supplies		228.54	0.0	28.48	127.18	919.19	200.76	539.04	228.87	3124.11	219.08	5615.25
						Food (Bhoga)		0.0	0.0	0.0	0.0	0.0	125.02	256.29	480.24	296.16	913.41	2071.12
						Food (Kitchen)		11315.13	7607.01	13812.81	4424.24	10232.84	6835.23	8821.22	17280.66	9080.57	7990.65	97400.36
					Total Deity Expenses			14160.4	17633.99	16933.66	8285.3	20126.53	10398.82	15810.83	21074.8	13710.24	11881.49	150016.06
					Dues, Fees, Subscr'n Renewal			0.0	0.0	0.0	0.0	0.0	0.0	0.0	237.2	0.0	420.0	657.2
					Education/Training			0.0	0.0	0.0	0.0	0.0	0.0	1500.0	0.0	0.0	94.5	1594.5
					Equipment/Furniture													
						General		4368.4	13.98	0.0	0.0	1159.89	301.79	993.58	837.82	4591.26	682.66	12949.38
						Kitchen		0.0	595.96	0.0	0.0	258.47	1461.01	1997.78	151.13	184.81	140.98	4790.14
						Living Qtrs		298.99	0.0	0.0	0.0	0.0	219.0	748.0	0.0	0.0	0.0	1265.99
						Office		0.0	0.0	0.0	59.64	0.0	0.0	539.98	598.0	0.0	62.51	1260.13
						Temple Room		87.32	0.0	0.0	0.0	1375.0	0.0	0.0	0.0	74.19	52.98	1589.49
					Total Equipment/Furniture			4754.71	609.94	0.0	59.64	2793.36	1981.8	4279.34	1586.95	4850.26	939.13	21855.13
					Festival Expenses													
						Artist Fees		0.0	1106.68	922.99	-719.31	613.41	0.0	0.0	0.0	1000.0	0.0	2923.77
						Festival Rentals		0.0	0.0	0.0	3000.0	4892.0	0.0	0.0	4061.88	0.0	5000.0	16953.88
						Festival Supplies		279.76	1583.46	2276.89	56.14	1146.42	253.95	3778.99	4971.96	944.25	870.81	16162.63
						Holi Colors		0.0	0.0	0.0	2014.49	0.0	0.0	0.0	0.0	0.0	0.0	2014.49
						Kalashes		0.0	0.0	0.0	0.0	0.0	0.0	0.0	3975.13	0.0	0.0	3975.13
						Shuttle		0.0	0.0	2402.4	327.6	0.0	906.05	3624.19	9152.0	0.0	-112.5	16299.74
						Traffic control / Parking		0.0	0.0	0.0	0.0	1260.0	0.0	0.0	2700.0	2400.0	2140.0	8500.0
						Festival Expenses - Other		0.0	0.0	0.0	0.0	0.0	0.0	0.0	1649.43	0.0	1920.0	3569.43
					Total Festival Expenses			279.76	2690.14	5602.28	4678.92	7911.83	1160.0	7403.18	26510.4	4344.25	9818.31	70399.07
					GBC Fees													
						GBC Housing Fund		0.0	900.0	0.0	900.0	0.0	0.0	0.0	0.0	900.0	0.0	2700.0
						GBC Fees - Other		0.0	0.0	0.0	2641.0	0.0	0.0	9010.0	0.0	0.0	0.0	11651.0
					Total GBC Fees			0.0	900.0	0.0	3541.0	0.0	0.0	9010.0	0.0	900.0	0.0	14351.0
					Insurance													
						10302 Oaklyn		0.0	0.0	2544.75	0.0	0.0	2544.75	0.0	0.0	0.0	3626.04	8715.54
						Auto		2983.9	477.9	477.9	477.9	477.9	477.9	2983.9	477.9	429.72	437.48	9702.4
						BOP		2243.18	2243.07	2243.07	2243.07	2243.07	2243.07	2243.07	2243.07	2243.07	2243.07	22430.81
						Flood Insurance		0.0	0.0	0.0	0.0	1485.0	0.0	0.0	0.0	0.0	0.0	1485.0
						Workers Comp		78.84	78.83	78.83	656.83	78.83	78.83	78.83	78.83	78.83	78.83	1366.31
					Total Insurance			5305.92	2799.8	5344.55	3377.8	4284.8	5344.55	5305.8	2799.8	2751.62	6385.42	43700.06
					Maintenance													
						Building Repairs		59.34	0.0	0.0	0.0	1140.0	44.08	14786.76	1500.0	0.0	69.99	17600.17
						Cleaning Services		0.0	1492.0	1492.0	1492.0	1865.0	3387.0	1732.0	2225.0	1842.0	2365.0	17892.0
						Fire Protection		589.99	0.0	363.16	629.93	287.5	0.0	4364.96	0.0	209.97	0.0	6445.51
						General Repair and Maintenance		779.52	3855.03	0.0	935.88	2453.23	485.15	1626.41	6745.9	99.11	1329.25	18309.48
						Kitchen Hood Cleaning		0.0	0.0	0.0	1125.0	0.0	0.0	0.0	0.0	1125.0	0.0	2250.0
						Lawn and Garden		0.0	0.0	1039.95	1000.0	1200.0	119.93	0.0	3427.12	900.0	0.0	7687.0
						Pest Control		200.0	265.9	200.0	200.0	715.85	200.0	374.12	218.0	374.12	218.0	2965.99
						Service Contracts		893.75	1849.93	1363.7	675.0	1787.5	893.75	893.75	893.75	893.75	1083.75	11228.63
						Trash Removal		1265.71	838.59	756.75	756.56	1103.3	1046.19	1124.23	1121.69	1486.6	1122.6	10622.22
					Total Maintenance			3788.31	8301.45	5215.56	6814.37	10552.38	6176.1	24902.23	16131.46	6930.55	6188.59	95001.0
					Media													
						Advertising and Promotions		0.0	0.0	0.0	0.0	0.0	119.99	0.0	0.0	0.0	0.0	119.99
						Photography/Videography		25.29	72.98	19.99	19.99	19.99	19.99	19.99	19.99	19.99	19.99	258.19
						Printing and Reproduction		440.19	0.0	754.02	1222.91	720.98	0.0	457.05	268.0	490.86	1330.67	5684.68
						Website Maintenance		109.39	465.44	0.0	0.0	0.0	0.0	0.0	0.0	0.0	0.0	574.83
					Total Media			574.87	538.42	774.01	1242.9	740.97	139.98	477.04	287.99	510.85	1350.66	6637.69
					Other Expenses													
						Congregation Development		15.4	2.59	22.65	0.0	0.0	8000.0	23.4	189.81	5000.0	0.0	13253.85
						Cow Maintenance		398.0	52.24	426.0	0.0	431.97	0.0	306.0	160.42	303.0	444.0	2521.63
						Donations		0.0	0.0	0.0	1201.0	0.0	0.0	0.0	5000.0	0.0	0.0	6201.0
						Legal		515.64	1751.0	-347.36	0.0	738.28	54.64	0.0	1000.0	595.0	5592.92	9900.12
						License and Permits		625.0	0.0	0.0	0.0	0.0	0.0	410.97	50.0	0.0	0.0	1085.97
						Miscellaneous Expenses		14.25	250.0	0.0	0.0	83.47	37.17	0.0	0.0	0.0	50.0	434.89
						Postage and Delivery		99.0	167.51	227.26	189.96	2132.25	99.0	307.85	99.0	0.0	1613.39	4935.22
						Rentals		0.0	2302.0	1151.0	0.0	0.0	0.0	3834.0	4549.0	0.0	0.0	11836.0
					Total Other Expenses			1667.29	4525.34	1479.55	1390.96	3385.97	8190.81	4882.22	11048.23	5898.0	7700.31	50168.68
					Property Tax			0.0	0.0	0.0	0.0	0.0	0.0	0.0	7241.49	0.0	0.0	7241.49
					Sales Expenses													
						Books												
							Booth Rental	0.0	0.0	0.0	0.0	370.0	0.0	0.0	0.0	0.0	0.0	370.0
							Freight	0.0	0.0	0.0	0.0	0.0	0.0	0.0	0.0	1230.25	65.05	1295.3
							Inventory	7857.53	0.0	400.0	0.0	0.0	3156.48	355.7	139.65	6014.7	2989.0	20913.06
							Supplies	0.0	0.0	0.0	0.0	0.0	0.0	1097.14	0.0	0.0	0.0	1097.14
						Total Books		7857.53	0.0	400.0	0.0	370.0	3156.48	1452.84	139.65	7244.95	3054.05	23675.5
						Catering												
							Catering Food	1190.0	1493.0	1988.0	6547.0	5652.0	4666.0	3947.0	1081.0	2259.0	7620.0	36443.0
							Catering Utilities	297.0	373.0	497.0	1637.0	1403.0	1166.0	987.0	270.0	565.0	1905.0	9100.0
							Catering Wages	475.41	1500.78	3077.82	3627.62	8085.44	1804.4	2128.71	1590.78	1385.81	3766.94	27443.71
						Total Catering		1962.41	3366.78	5562.82	11811.62	15140.44	7636.4	7062.71	2941.78	4209.81	13291.94	72986.71
						Gift Shop												
							Gift Shop Supplies	83.98	43.98	0.0	87.66	220.31	140.83	491.34	351.5	43.98	0.0	1463.58
							Inventory	3879.71	12085.0	6089.28	2020.0	2227.16	7000.0	13096.79	0.0	19018.01	9068.89	74484.84
							Gift Shop - Other	0.0	0.0	0.0	0.0	0.0	0.0	0.0	0.0	1050.0	0.0	1050.0
						Total Gift Shop		3963.69	12128.98	6089.28	2107.66	2447.47	7140.83	13588.13	351.5	20111.99	9068.89	76998.42
						Govindas												
							Govindas Equipment	0.0	0.0	0.0	1843.33	3275.65	3574.98	1428.84	450.0	1575.12	89.99	12237.91
							Govindas Food	0.0	0.0	0.0	514.92	2559.78	1461.42	1214.2	8882.89	3781.99	5781.98	24197.18
							Govindas Food Service	0.0	0.0	0.0	647.55	0.0	536.82	1035.0	2647.82	1898.35	2007.73	8773.27
							Govindas Supplies	0.0	0.0	0.0	85.15	222.78	1496.0	1584.05	340.88	414.28	607.38	4750.52
							Govindas Toast Fees	0.0	0.0	0.0	0.0	0.0	0.0	0.0	1076.6	772.63	851.23	2700.46
							Govindas Wages	0.0	0.0	0.0	0.0	4593.3	7743.63	6977.44	8954.49	10500.55	6438.84	45208.25
							Kitchen Cleaning	0.0	0.0	0.0	0.0	0.0	0.0	0.0	0.0	0.0	1188.0	1188.0
						Total Govindas		0.0	0.0	0.0	3090.95	10651.51	14812.85	12239.53	22352.68	18942.92	16965.15	99055.59
						Hall Rental Expenses												
							Hall Rental Flowers	137.24	105.96	581.24	254.11	219.89	111.7	180.93	0.0	0.0	63.96	1655.03
							Hall Rental Supplies	95.49	0.0	39.99	320.31	1588.87	220.7	379.06	0.0	0.0	295.31	2939.73
							Hall Rental Wages	0.0	266.18	316.17	1291.16	1826.51	2066.61	859.37	369.4	362.94	989.25	8347.59
						Total Hall Rental Expenses		232.73	372.14	937.4	1865.58	3635.27	2399.01	1419.36	369.4	362.94	1348.52	12942.35
					Total Sales Expenses			14016.36	15867.9	12989.5	18875.81	32244.69	35145.57	35762.57	26155.01	50872.61	43728.55	285658.57
					Services Expenses													
						NY Ratha Yatra expenses		0.0	0.0	0.0	0.0	587.5	8262.64	0.0	0.0	0.0	0.0	8850.14
						Puja expenses		0.0	0.0	0.0	24.95	0.0	0.0	0.0	0.0	0.0	16.94	41.89
						Seminar expenses		0.0	401.04	251.0	0.0	0.0	2.77	4440.89	0.89	332.82	-106.45	5322.96
						Sunday School Expenses		0.0	0.0	0.0	0.0	0.0	2.18	720.92	72.0	107.18	0.0	902.28
					Total Services Expenses			0.0	401.04	251.0	24.95	587.5	8267.59	5161.81	72.89	440.0	-89.51	15117.27
					Staff													
						Employee Wages												
							Payroll Taxes	5514.77	3265.76	3476.12	4815.29	4468.7	7189.31	8201.85	5875.14	6186.37	8925.14	57918.45
							Regular Wages	18335.21	17403.93	17941.44	17256.81	18364.31	19006.37	19704.61	19700.41	19714.8	20324.02	187751.91
						Total Employee Wages		23849.98	20669.69	21417.56	22072.1	22833.01	26195.68	27906.46	25575.55	25901.17	29249.16	245670.36
						Payroll Service		1130.0	30.0	30.0	30.0	50.0	40.0	50.0	50.0	50.0	50.0	1510.0
						Stipend		350.0	350.0	350.0	350.0	350.0	350.0	350.0	350.0	350.0	350.0	3500.0
					Total Staff			25329.98	21049.69	21797.56	22452.1	23233.01	26585.68	28306.46	25975.55	26301.17	29649.16	250680.36
					Supplies													
						Food Service Supplies		442.28	1392.71	1803.77	2543.38	3038.05	93.45	100.38	1893.77	238.89	1491.64	13038.32
						General		1525.84	1798.48	1340.53	141.3	1368.07	494.35	459.97	861.76	321.35	2581.0	10892.65
						Janitorial		319.03	388.24	358.86	1206.16	417.9	195.02	950.32	933.03	363.43	29.96	5161.95
						Kitchen		403.56	49.98	119.99	658.31	1228.05	226.32	856.11	497.24	145.28	0.0	4184.84
						Office		564.13	102.59	275.56	1804.13	251.25	88.16	532.18	314.29	617.68	382.83	4932.8
					Total Supplies			3254.84	3732.0	3898.71	6353.28	6303.32	1097.3	2898.96	4500.09	1686.63	4485.43	38210.56
					Telephone													
						Cell Phone		150.0	0.0	150.0	150.0	150.0	0.0	0.0	0.0	0.0	300.0	900.0
						Landlines/Internet		232.09	144.64	232.09	232.17	232.17	232.17	233.35	233.43	233.43	248.0	2253.54
					Total Telephone			382.09	144.64	382.09	382.17	382.17	232.17	233.35	233.43	233.43	548.0	3153.54
					Travel & Guests													
						Devotee Travel		1144.52	0.0	35.98	0.0	703.78	2353.71	0.0	89.7	0.0	0.0	4327.69
						Guest		0.0	0.0	0.0	0.0	0.0	0.0	400.0	0.0	0.0	0.0	400.0
					Total Travel & Guests			1144.52	0.0	35.98	0.0	703.78	2353.71	400.0	89.7	0.0	0.0	4727.69
					Utilities													
						Electricity		7135.88	9934.55	7956.41	4163.78	4609.52	3602.41	5948.14	6181.45	5082.67	4856.9	59471.71
						NATURAL GAS		580.35	714.92	743.53	657.85	640.39	651.97	654.54	529.96	575.75	601.23	6350.49
						Oil		1080.79	1105.57	0.0	0.0	0.0	806.77	0.0	0.0	0.0	0.0	2993.13
						Propane		2592.42	2952.41	458.25	2668.15	1416.75	81.54	487.55	0.0	0.0	958.64	11615.71
						Water		1162.78	924.26	927.97	4247.38	1484.82	4584.94	1049.18	848.69	6292.94	1011.9	22534.86
						Utilities - Other		-297.0	-373.0	-497.0	-1637.0	-1403.0	-1166.0	-987.0	-270.0	-565.0	-1905.0	-9100.0
					Total Utilities			12255.22	15258.71	9589.16	10100.16	6748.48	8561.63	7152.41	7290.1	11386.36	5523.67	93865.9
				Total Operating Expenses				91058.18	96379.5	86535.26	89686.31	122614.2	128430.7	155517.03	152340.54	133595.52	130185.88	1186343.12
			Total Expense					91058.18	96379.5	86535.26	89686.31	122614.2	128430.7	155517.03	152340.54	133595.52	130185.88	1186343.12
	Net Ordinary Income							-31329.51	-25562.28	10383.16	22080.77	17532.16	-2836.76	-21951.93	152226.1	-25035.41	-2425.14	93081.16
Net Income								-31329.51	-25562.28	10383.16	22080.77	17532.16	-2836.76	-21951.93	152226.1	-25035.41	-2425.14	93081.16',
  'ISKCON DC operating income and expenditure breakdown by month for 2025.'
);
